,Unnamed: 0,New Users,Users,Organic Searches,Pageviews,Avg. Session Duration,residuals,an-inconvenient-youth,arts,baseball,basketball,books,campus,campus-life,cartoon,column,culture,dbk-context,dbk-en-espanol,diversions,entretenimiento-y-cultura-dbk-en-espanol,fashion,field-hockey,food,football,gaming,guest-column,gymnastics,lacrosse,letters-to-the-editor,local,mens-basketball,mens-lacrosse,mens-soccer,movies,multimedia,music,nation,news,notes-from-the-newsroom,noticias-dbk-en-espanol,obscure-food,opinion,opinion-dbk-en-espanol,photo,podcasts,podcasts-diversions,quarantine-obsession,science-tech,sex-in-college-park-2022,soccer,softball,special-projects,sports,staff-editorial,state,tech,terps-watch,the-dive,track-field,tv,uncategorized,video,volleyball,womens-basketball,womens-lacrosse,womens-soccer,womens-tennis,world,wrestling,umd,student,dorm,covid,housing,college park,review,dot
Unnamed: 0,1.0,-0.24218017435388664,-0.26054055594363773,-0.2347054564237249,-0.25709677811084747,0.022223976057348688,0.22431032943590118,0.006839396534036047,-0.033556742353660636,0.02292156607894537,0.022228977597529714,-0.021982092514111578,0.05350813553034689,0.0025233151923865897,0.06889976721353233,-0.06297979429599247,-0.0737763631693101,0.009210089710462941,0.0010332017866005441,-0.18123252509186105,-0.012252793297298606,-0.04111204647077841,0.005372829092990385,-0.036479785529103394,0.05065962897899558,-0.03206861791434172,0.016049511148913474,0.010487022583496635,0.020840468184867667,0.010043908200395388,0.07219107154317296,0.00890396500092699,0.01942515420559156,0.022794031183424802,-0.08275798178544556,-0.0032557410198831033,-0.09079873100463193,0.004979068602897483,0.06214521566024516,0.01616711872342644,0.004479396061343044,-0.007704339065048099,-0.03482930788545673,0.0011303808059842256,-0.005136144898141903,-0.014689870353039331,0.0013876049493046026,-0.010929337859129503,-0.009429554559962968,-0.023692785819771453,0.013933074165743988,0.02173451784114283,-0.009374624095267632,0.0743398709248331,0.012857639635965583,-0.005437634409875378,-0.02305584279099596,0.012948120222518596,-0.007675896689284778,0.018099846621594296,-0.08872401722859544,0.039508230415830084,0.011027293664118809,0.025727161468114552,0.023738826712897034,0.002860503164806604,0.010149861064204568,0.012351785793833878,-0.0047296581892820825,0.030320704931773558,0.05461265270057643,-0.021629015219203858,-0.014560038909300965,0.030886275036875844,-0.003744176613945907,0.09660896055592594,-0.11229427976954137,0.007702112253500706
New Users,-0.24218017435388664,1.0,0.9833433108537051,0.9356603410241839,0.978705833827477,-0.001689264304402072,-0.9350727352751041,-0.0034456811048227363,0.00038571317582576734,-0.008905442261677244,-0.006033570068495173,0.010674890581304514,-0.02610125744569535,0.005818612164701542,-0.009858285414574114,0.03314153577653891,0.082282138842165,-0.0031505886145110113,-0.004777544392978125,0.08366974355733736,-0.000729130921821706,0.02517718908841159,-0.010940426233557128,0.022738298622731152,-0.017593639153430783,0.002068614629001054,-0.0036416781862869483,-0.007483762741476431,-0.009724639366144934,-0.002763685312345733,-0.009818513799775556,-0.007854022772234454,-0.010471635645363828,-0.011199579923363056,0.017450599423630305,-0.004234399628315962,0.023569005478044292,-0.003995346982490245,-0.019625954074792205,-0.0021016518856687193,-0.005156083542230517,-0.0008912609423138174,0.028603958294830176,0.000607271069292558,-0.003056765568456616,-0.002115690176381511,-0.0021464585261855764,-0.00155661318793658,-0.006053616288112878,0.023980649969640028,-0.011925183790555639,-0.007578958962701064,0.009645791629368692,-0.036011383742851205,0.0023703418538296933,0.02620215620639455,0.019569942060254468,-0.013494726083581113,-0.001523748321943663,-0.005903203394635285,0.04162192270640266,-0.03750132091064919,-0.0050406901058040144,-0.006840181031204757,-0.006891588954790013,-0.00902770573138074,-0.009404271755168317,-0.004306704708165527,-0.0019074053926737599,-0.0097042949586583,-0.026369590341823904,-0.014792162697829297,0.009538043762390166,-0.0074731911554495375,0.0012706903192275679,-0.01282189952149898,0.019652854293262023,0.004538007752379374
Users,-0.26054055594363773,0.9833433108537051,1.0,0.8929613981069409,0.9972978317167402,0.0033843599017656513,-0.8940027913951424,-0.004051173185888845,-0.0005232533755492242,-0.003604478412185702,-0.0009397392221857935,0.010579619416495892,-0.01844263788703343,0.005449048533808079,-0.001492186753641016,0.04015407270225531,0.07268386934379399,-0.0035201472521410883,-0.005442623001471379,0.0678106848882689,-0.0011653462677249132,0.02102385586637439,-0.00800202068008535,0.020528479339375575,-0.015237546927028911,3.5040698923762605e-05,-0.0016942736538168705,-0.007644184857021057,-0.006770494933819206,-0.0011280903046174925,-0.005632507064218984,-0.0060217238846538455,-0.009781137430177202,-0.006242619694217728,0.011440660040090605,-0.0037670349892039287,0.01600535534954027,-0.0047519193119532725,-0.008655803699317711,-0.0022461440369809286,-0.005676940024792008,-0.0016640773218407577,0.03891087314152756,0.000373971767276146,-0.0016745498152236965,-0.002108513691697523,-0.0021627332052141994,-0.0018685648510450795,-0.005602632459809234,0.023747233003950208,-0.0035094825722100692,-0.007638910688275687,0.014490862141362828,-0.02733605699476437,0.009978824982272977,0.028728656717147825,0.017209063201726917,-0.01618687327648676,-0.0018858781138955945,-0.0048458968792838685,0.03295212884928314,-0.049894619314747014,-0.005163440700358004,-0.003914907204519309,-0.004309515769185971,-0.008959117149654208,-0.004502929588949637,-0.004794683768637319,0.0013493423546542271,-0.009678893479925685,-0.019062710707158093,-0.010175046222034707,0.01078400209752316,-0.002833309780693817,0.0054783240071537625,-0.008674620837662952,0.012179611841950723,0.004491576178086037
Organic Searches,-0.2347054564237249,0.9356603410241839,0.8929613981069409,1.0,0.8898154478310114,-0.002090198540671418,-0.9970094672704735,-0.003071487852364414,0.0016400559129132286,-0.009034510819505296,-0.011073126723292352,0.013071140075291534,-0.03278553434192599,0.006783082703440787,-0.011605991973704616,0.02643704016750908,0.0983885064138191,-0.0030604003268998154,-0.004679456959443072,0.10545236104839821,-0.00025562443977648,0.03214812756986273,-0.011756746190909927,0.02491855881582389,-0.02406063206589011,0.004377445848252366,-0.0048331423790234,-0.007732422406565143,-0.01054178811310483,-0.003149403988310057,-0.02020275466964504,-0.00929359023557348,-0.011553432511619348,-0.01341341650602884,0.025847959572506442,-0.004336981278856158,0.03185182077427805,-0.0037313213807917294,-0.03579718668724151,-0.001947092545325456,-0.004918532215867058,-0.00013326165241787458,0.020363441336636087,-0.0003001367583435069,-0.0026014184245552793,-0.0020254555688853843,-0.0018577800360018836,-0.0014943230822886168,-0.006885131667575036,0.02511865214273404,-0.01460318645046424,-0.007112394486227334,0.008045791728748284,-0.043372121973516586,-0.004224308127598882,0.006287893522700828,0.02340747863664702,-0.01337472184882989,-0.0016800186339230069,-0.0059801496347264204,0.05236215374814119,-0.02491994477769768,-0.00454992178260009,-0.011293324499985456,-0.010400494186240977,-0.008221735092281262,-0.009809762548319731,-0.0041218755800863024,-0.0017950466751319879,-0.009248767856708006,-0.03289049148651078,-0.014876733129574106,0.014231833227652986,-0.012216626882748202,0.0021957877348310504,-0.022798448027741964,0.03007281983394881,0.0016282812219712568
Pageviews,-0.25709677811084747,0.978705833827477,0.9972978317167402,0.8898154478310114,1.0,0.009063369399522871,-0.890933994196699,-0.004166535905262929,0.000715029355495453,-0.004214469843172644,0.000322301753548754,0.011664589384164729,-0.017387483668111877,0.005659348425749663,-0.0017798214617306023,0.03817643277846181,0.071252627949812,-0.0035746288594688115,-0.004865716986963493,0.06703953305836058,-0.001200453689038213,0.020380255846139207,-0.00812642052964706,0.01970411675874618,-0.014839835080706252,-0.0004821447855103483,-0.00230996017772698,-0.00746174708986187,-0.00582845285775991,-0.0014161468084506982,-0.0038637713575113614,-0.006256027426908306,-0.009032862046264396,-0.005028935876471818,0.01167442740486014,-0.003678660643598988,0.01593415800098117,-0.004173111809893355,-0.007508931875023824,-0.0018215821715120693,-0.005237245569884462,-0.001657636178625009,0.037003275194657695,0.00102996222529983,-0.001417302304650578,-0.0022178771037129103,-0.002161908271492196,-0.0019083228895441988,-0.004738565438142722,0.021920410156828742,-0.0022991788260093723,-0.007793977667279532,0.015311868974062738,-0.026509492916469757,0.010641349376902821,0.027559108246851642,0.017705094597893888,-0.016180024946492122,-0.0019627477357106915,-0.0048840361921109725,0.03269553889723578,-0.05009247492963991,-0.004875610810389327,-0.003916549262366639,-0.0026238312036378896,-0.00909695662338947,-0.004084016160546327,-0.004803520436451533,0.0015172053083129377,-0.009877667517888905,-0.018115341054953146,-0.01056743722228312,0.011719614212977424,-0.003135710436585083,0.006002113305950156,-0.006858351507877637,0.01091166303657411,0.0033618285943870273
Avg. Session Duration,0.022223976057348688,-0.001689264304402072,0.0033843599017656513,-0.002090198540671418,0.009063369399522871,1.0,0.0025541127871484327,-0.005786282138240313,-0.002622192173929392,-0.002609826543805718,0.006384406118779058,-0.0071067147298158545,0.01514816248569044,-0.0013927496271142264,-0.00704826412595018,0.01148274313442076,-0.013033021872301206,-0.0050106155317045965,-0.0024863936592607197,-0.017614609502990562,-0.002892358751452304,0.009052144869064678,-0.0016756541021271634,0.005374411654132221,0.003474325770072065,-0.008671744248531402,0.001720369501964349,0.010948469839523628,-0.0102402881982878,-0.0030301588645020813,0.009108859581632189,-0.00495217181347448,-0.018470264624808587,0.01386574995976654,-0.012841165777745314,0.0005155700860049955,0.0016047634164731016,0.007444326975922822,0.02719088678290514,0.015021939117877544,-0.0019073294658927581,-0.004495694137204059,0.006972743736368909,0.0008387109554291565,-0.0021591744904902585,0.008443989976959115,0.001729911150948193,-0.0035425611830157996,0.025120078982144262,-0.0011703398036799816,0.01578772029572108,-0.006838226884994127,0.008157229617860065,-0.006801068733501429,-0.00620428927419063,-0.006774587780691909,-0.0047075434989514746,-0.013564703106751924,-0.0028923587514523043,-0.004116885617047795,-0.013790825383503671,-0.014330431939699979,-0.00035552622148298543,0.0030530122440248783,0.012512323574503431,-0.010273928994537284,0.0011260233053054223,-0.0064698435197202454,0.000300547306535374,-0.00010094735126412392,0.014072927372983829,0.001064342466702419,0.010188357187102395,0.009552469584410011,0.015495469851793862,0.014998433081127527,-0.016884917352715044,0.013750461741618347
residuals,0.22431032943590118,-0.9350727352751041,-0.8940027913951424,-0.9970094672704735,-0.890933994196699,0.0025541127871484327,1.0,0.002580913654681248,-0.0002555191566930035,0.008526042491957403,0.013519974979279594,-0.013854594139883878,0.0348160218013049,-0.007269883381583655,0.01053179777127731,-0.022652412593497886,-0.09390749464936378,0.00270098745915891,0.006799654656113891,-0.0963352787377824,0.0019052958397176645,-0.028285842584988317,0.012155837967186178,-0.019867966187976167,0.015853672719611245,0.0009105889980865698,0.004532635187955209,0.009176676500997728,0.013880514873761372,0.0038609997809261123,0.01653662289443803,0.0101162476578137,0.009942901346763728,0.01126939751086866,-0.022522642374942115,0.0062160291728649685,-0.027762863062634494,0.0047685202000533845,0.037452296047322586,0.002481156777849841,0.006408129251880706,-0.00014970593425891608,-0.016879395190763282,0.001350924510323105,0.00434563279936108,0.0041175317934615385,0.002568454476583556,0.0019056030502883111,0.008473127018994577,-0.02417755900275595,0.013021572311323462,0.007407822521885039,-0.0033661456687746304,0.03893976440438625,0.005027928969421279,-0.005471723313155251,-0.02215071649527223,0.012605506655108718,0.0016484544675280418,0.00798939594779587,-0.04858529079362498,0.015690503912543508,0.006002792574344423,0.011059483728058168,0.011159141803823422,0.010377180145473017,0.009416982909444222,0.005869242957984632,0.00315717442307679,0.009391559382122407,0.03683536472462523,0.01955656933816902,-0.013750291350422298,0.02079459999606671,0.0020767397630821094,0.012565885922943956,-0.0274965756616253,-0.0006520577518900473
an-inconvenient-youth,0.006839396534036047,-0.0034456811048227363,-0.004051173185888845,-0.003071487852364414,-0.004166535905262929,-0.005786282138240313,0.002580913654681248,1.0,-0.002842049140505353,-0.0034612493954071103,-0.003203097798674849,-0.0015557903463570967,-0.015081942162717299,-0.004095254417784664,-0.001891871901970736,0.0798143423603755,-0.004415350373317991,-0.0006342060918061301,-0.0012232577865892386,-0.011819088813698862,-0.0003389256167793068,-0.0018918719019707286,-0.002559646963913527,-0.0018918719019707317,-0.005526885900428029,-0.0014400148258929793,-0.0020819341906832033,-0.0015925375552345894,-0.0032671579974066513,-0.0005359565587417602,-0.010065818088526432,-0.0026162227464641944,-0.0039683110220747565,-0.003022798906607787,-0.0038686896628042163,-0.0013785335720249282,-0.006228523672180345,-0.0023821852309259526,-0.01933389126306864,-0.0003389256167793076,-0.0011250425287398177,-0.000634206091806132,0.08536728088755341,-0.0003389256167793082,-0.0016106013629998133,-0.000758117642153606,-0.00041511499347434555,-0.000415114993474347,-0.0018918719019707436,-0.0007951541933012997,-0.003435385713567137,-0.0014990059841335998,-0.0022304335319812585,-0.011921421715272329,-0.0011503763482271232,-0.0034180420285620074,-0.0014990059841336095,-0.0034353857135671706,-0.00033892561677930695,-0.0015181668770276183,-0.004131918136265477,-0.005176674106281106,-0.0009591953496873579,-0.0024546549948837116,-0.002758106282996973,-0.0022821040026104657,-0.0023821852309259687,-0.0007951541933013032,-0.0010725949527521936,-0.002025310045811742,-0.015268703303251066,-0.008967996674585909,-0.0019373497597964283,-0.0026935112790135588,-0.0025710578214514506,-0.009202627172903847,-0.006161255740507121,0.09210370367332747
arts,-0.033556742353660636,0.00038571317582576734,-0.0005232533755492242,0.0016400559129132286,0.000715029355495453,-0.002622192173929392,-0.0002555191566930035,-0.002842049140505353,1.0,-0.014508405652096159,-0.013426320064707403,-0.006521355405512196,-0.05778699323611672,0.054460868490777914,-0.0079300974474756,-0.030802716350168728,0.05771474785514382,-0.0026583808896185183,-0.0051274895731212,0.23003081677837184,-0.0014206633999405117,0.0029344489162218246,-0.010729188289029962,-0.007930097447475607,-0.02316686649123401,-0.006036062950797709,-0.008726775313989708,-0.006675387476614728,-0.013694839100229225,-0.00224655154189269,-0.04219255978558912,-0.010966335142538561,-0.016633839254213315,-0.012670567107927345,-0.005412739966896853,0.038842329855924805,-0.008755247813266847,-0.009985327758978438,-0.07611952171360756,-0.0014206633999405134,-0.0047158038956905315,-0.0026583808896185144,-0.033292019037702666,-0.00142066339994051,0.05696615813500855,-0.003177776874145608,-0.0017400239132103078,-0.001740023913210323,-0.007930097447475588,-0.0033330217717592917,-0.014399993704581247,-0.006283334255424827,-0.009349235136006651,-0.04997063269245773,-0.004821994836547484,-0.014327294748565355,-0.006283334255424868,-0.014399993704581423,-0.0014206633999405123,-0.006363650342191546,-0.012246621064503334,-0.051587931418564374,-0.004020627710714752,-0.01028909689344367,-0.011561063712546737,-0.009565820554300395,-0.009985327758978516,-0.0033330217717592917,-0.004495961110334656,-0.008489425741725886,-0.019012669262217338,-0.014637555307576707,-0.008120725493636875,0.004054112236757235,-0.010777018806593455,-0.03857435071470442,0.06879129561933046,0.0037266383574189265
baseball,0.02292156607894537,-0.008905442261677244,-0.003604478412185702,-0.009034510819505296,-0.004214469843172644,-0.002609826543805718,0.008526042491957403,-0.0034612493954071103,-0.014508405652096159,1.0,-0.0002986600900659716,-0.007942170011370916,-0.07699196041319983,-0.02090590605734363,-0.009657836173344205,-0.03751373676985786,-0.02253996716638087,-0.0032375651482640573,-0.006244621154497833,-0.0603353870639992,-0.0017301848388331345,-0.009657836173344205,0.013573306107111192,-0.009657836173344191,-0.015444090971696064,-0.007351146375805788,-0.01062808709001763,0.01315362917301262,-0.0009309577479797218,-0.0027360101045770012,-0.051385097452108536,0.01923833242599712,0.0015099378134519133,-0.004109370937102547,-0.019749313328218804,0.005244939639692466,-0.031796054037829986,-0.012160841688529237,-0.09869777875418517,-0.0017301848388331386,-0.005743241082705215,-0.003237565148264073,-0.04054538646915868,-0.0017301848388331367,-0.008221975329415123,-0.0038701224857848426,-0.0021191247652115443,-0.0021191247652115517,-0.009657836173344257,-0.004059190753587522,-0.00753669219829287,0.037551260850726936,-0.011386162892407936,0.29033864232593654,-0.005872567956262892,-0.017448797622645378,-0.007652290941339256,0.0024639511805837396,-0.0017301848388331352,0.04804592891538329,-0.021093071047861713,-0.05953598475062033,0.012729683060863771,0.0013482945539215895,0.010681418548383847,0.018171374436522485,0.0021331411702527475,0.017194408016970263,-0.00547550091697315,0.023208999912518416,-0.07794535926485728,-0.04578081771605397,-0.009889996553726008,-0.013750133207575977,-0.013125019302790772,-0.0366592209173292,-0.031452657287160624,-0.00925825193268284
basketball,0.022228977597529714,-0.006033570068495173,-0.0009397392221857935,-0.011073126723292352,0.000322301753548754,0.006384406118779058,0.013519974979279594,-0.003203097798674849,-0.013426320064707403,-0.0002986600900659716,1.0,-0.0073498163160043576,-0.06641505117648436,-0.014792722599778041,-0.008937522337410908,-0.03204199048252178,-0.020858860765318,-0.0029960966734242696,-0.005778876350277461,-0.05397829227856217,-0.0016011418466178368,-0.008937522337410827,0.002265464297374357,-0.008937522337410866,-0.015786220804657365,-0.006802873206803549,-0.009835408684312888,0.015417951608178694,0.0015397227201500519,-0.002531949288240155,-0.047552624422829995,0.47950228087880203,-0.00466885754760223,-0.0020765016558197775,-0.01827634325654154,-0.006512425381448596,-0.029424597612140408,-0.0035501027528023425,-0.08695572752746329,-0.001601141846617841,-0.005314890886996667,-0.002996096673424264,-0.03752137546578263,-0.0016011418466178402,0.003734245225922707,-0.003581475761691343,-0.001961073327906812,-0.001961073327906815,-0.008937522337410922,-0.0037564426835206785,-0.005449648051956521,0.017280898375394003,0.030560341777843624,0.2686842119318212,-0.005434572128270926,-0.01614740773339874,-0.007081557399922635,-0.0108394951410376,-0.0016011418466178383,0.01688494305671789,-0.019519879015464665,-0.06252349629293204,-0.004531400807232883,0.0033640650663124202,0.6742431650105715,0.005291151598763625,0.00415363979495318,-0.0037564426835206767,-0.005067119681428164,0.00851280299845988,-0.07053014954810909,-0.042366330678861246,-0.009152367417435208,-0.012724602124052421,-0.012146111312325375,-0.04347476477398685,-0.010391440645806709,-0.008567740430523111
books,-0.021982092514111578,0.010674890581304514,0.010579619416495892,0.013071140075291534,0.011664589384164729,-0.0071067147298158545,-0.013854594139883878,-0.0015557903463570967,-0.006521355405512196,-0.007942170011370916,-0.0073498163160043576,1.0,-0.034606968488577944,-0.00939695558171071,-0.004341082241899497,-0.016861977527470498,-0.010131446572787847,-0.0014552469435040298,-0.002806882775253543,0.1316336962079395,-0.0007776974618592547,-0.004341082241899467,-0.005873356419640284,-0.0043410822418995096,-0.012681971866255885,-0.0033042526728390567,-0.004777198463893683,-0.003654230761282189,-0.0074968086101642,-0.0012298039297268496,-0.02309698881238974,-0.006003175000219854,-0.009105671737244853,-0.00693610314770203,0.0009092584301545318,-0.0031631780159882433,-0.014291947292196136,-0.005466153386027622,-0.04436347510711163,-0.0007776974618592548,-0.002581518409257308,-0.0014552469435040378,-0.018224667931105578,-0.000777697461859253,-0.0036956799075108585,-0.0017395739268580967,-0.0009525213227388902,-0.0009525213227388942,-0.0043410822418994965,-0.001824557859607977,-0.007882823303050642,-0.00343961356550877,-0.005117944501070551,-0.02735485000461948,-0.002639649297390526,-0.007843026547833446,-0.0034396135655087655,-0.007882823303050636,-0.0007776974618592546,-0.0034835800792005897,-0.00948108401400741,-0.030368555088539334,-0.0022009660879802905,-0.005632442237330914,-0.006328740436346289,-0.005236507371128168,-0.0054661533860276175,-0.0018245578596079713,-0.0024611723961295816,-0.0046472689113123645,0.0008269995127370837,0.030247415339053386,-0.004445435565610807,-0.0061805209800418195,-0.005899539730979306,-0.021116314142358233,0.10014075698571442,-0.0041614738886261516
campus,0.05350813553034689,-0.02610125744569535,-0.01844263788703343,-0.03278553434192599,-0.017387483668111877,0.01514816248569044,0.0348160218013049,-0.015081942162717299,-0.05778699323611672,-0.07699196041319983,-0.06641505117648436,-0.034606968488577944,1.0,-0.08854999454281616,-0.04208275970424382,-0.1634612082622994,-0.09821496295643846,0.009960429194305155,-0.02721012106356418,-0.26134695708639755,-0.0075390544537812494,-0.042082759704243654,-0.052925181555625006,-0.04208275970424373,-0.106594649788786,-0.032031660190880516,-0.046310501348058634,-0.035424372647592225,-0.07267459534519209,-0.011921806677264045,0.10126551689514227,-0.050342241066346105,-0.0882710288152774,-0.0672390767517164,-0.086055053347158,-0.01956707301539219,-0.13854715255061306,0.05463254711232894,0.7735498767600686,-0.007539054453781279,-0.025025422886556892,-0.01410726727144862,-0.17667122585974512,-0.007539054453781277,-0.029487684328672756,-0.003437526734775766,-0.009233809383083567,-0.009233809383083639,0.0038507743542041326,-0.017687393533178965,-0.07641664920592219,-0.033343858302354215,0.014689065049088816,-0.2512493473283225,-0.0255889478465525,-0.018525023318632056,-0.0333438583023544,-0.07641664920592238,-0.0075390544537812625,-0.0337700728100793,-0.09191030210075908,-0.28327520794037475,-0.016027868558217685,-0.05460129525625296,-0.06135125947228173,-0.04627248023231735,-0.05298927931622999,-0.017687393533179076,0.023629523431364458,-0.045050955033320385,0.6794129720330752,0.2793875356004521,0.07830974746570472,0.08128126967802925,0.052646928545714955,0.15207812424193057,-0.13269326165003895,0.05826701841423921
campus-life,0.0025233151923865897,0.005818612164701542,0.005449048533808079,0.006783082703440787,0.005659348425749663,-0.0013927496271142264,-0.007269883381583655,-0.004095254417784664,0.054460868490777914,-0.02090590605734363,-0.014792722599778041,-0.00939695558171071,-0.08854999454281616,1.0,-0.011426884265436282,-0.04438521432122967,0.0034630983934761344,-0.003830597411988727,-0.00738846279158132,0.3420961767471277,-0.002047106780059707,0.03438541540247749,-0.015460237866288407,0.0038438822905349865,-0.03338232650248407,0.011320538243818472,-0.012574858276826122,-0.009618908295572265,-0.019733596272755397,-0.0032371713759604772,-0.06079742408284086,-0.010254120206115538,-0.023968552379929762,-0.018257670208809265,-0.019570593042377744,-0.008326326728114312,0.06237954148741642,-0.014388371064799146,-0.11101167343771653,-0.002047106780059711,-0.006795243777452379,-0.0038305974119887416,-0.047972178277283346,-0.002047106780059709,0.017139508201872232,-0.004579021733686405,0.03211676854449843,-0.0025072897284099823,-0.011426884265436294,-0.0048027220714919275,-0.02074968972009829,-0.009053978694883094,-0.006982137128203114,-0.0705472628146807,-0.006948259752255585,-0.020644934064557485,0.0005636845035410704,-0.020749689720098295,-0.0020471067800597077,-0.009169710264919232,-0.024956737445161973,-0.07993812256213441,-0.0057935287465311885,-0.014826087595514795,-0.01665892984337299,-0.013783881610776191,-0.014388371064799241,-0.004802722071491938,-0.006478461029006774,-0.01223284910093985,0.0671274713955684,0.021111947496255185,-0.004243516720213952,-0.005485032359278984,-0.009885798771023252,-0.03626262639732249,-0.02490001041792022,-0.002992571746169567
cartoon,0.06889976721353233,-0.009858285414574114,-0.001492186753641016,-0.011605991973704616,-0.0017798214617306023,-0.00704826412595018,0.01053179777127731,-0.001891871901970736,-0.0079300974474756,-0.009657836173344205,-0.008937522337410908,-0.004341082241899497,-0.04208275970424382,-0.011426884265436282,1.0,-0.02050449893237837,-0.012320039870574971,-0.0017696091310057359,-0.0034132250962103663,-0.03297850297420784,-0.0009456955301018317,-0.005278842060451227,-0.00714211783521798,-0.005278842060451238,-0.015421529187099088,-0.00401803675115566,-0.005809168031631314,-0.004443617044401009,-0.009116267880972343,-0.001495465957242414,-0.028086396252945612,-0.007299979802627262,-0.011072677336377299,-0.00843443892362119,-0.010794706390834559,-0.00384648717186871,-0.017379291219966703,-0.006646950874262791,-0.053946865157922214,-0.0009456955301018355,-0.0031391775597077497,-0.0017696091310057307,0.2381981530917323,-0.0009456955301018352,-0.004494020027871316,-0.002115356379045409,-0.001158284810506269,-0.0011582848105062653,-0.005278842060451253,-0.002218698525925886,-0.009585669399582927,-0.004182638279933033,-0.0062235219675278045,-0.033264039867288014,-0.003209865872020086,-0.009537275756338285,-0.004182638279933059,-0.00958566939958292,-0.0009456955301018326,-0.004236102432140905,-0.011529186106806994,-0.025323901575269245,-0.0026764183932560855,-0.006849161413830905,-0.0076958738267176715,-0.0063676967678177425,-0.006646950874262833,-0.0022186985259258886,-0.00299283442209691,-0.005651171120068123,-0.03991824415591233,-0.02121702285959091,-0.0054057377707048505,-0.007515636029662084,-0.007173957260844173,-0.02567785659080416,-0.01719159522074698,-0.00506043474245195
column,-0.06297979429599247,0.03314153577653891,0.04015407270225531,0.02643704016750908,0.03817643277846181,0.01148274313442076,-0.022652412593497886,0.0798143423603755,-0.030802716350168728,-0.03751373676985786,-0.03204199048252178,-0.016861977527470498,-0.1634612082622994,-0.04438521432122967,-0.02050449893237837,1.0,-0.04785448048647781,-0.006873656783422007,-0.013257920873508711,-0.12809772887357,-0.0036733459280027247,-0.020504498932378372,-0.027741983156554063,-0.020504498932378323,-0.058306235369343054,-0.01560717849309656,0.10794279141847897,-0.017260251376990516,-0.03541013405820557,-0.005808808025043314,-0.10909541815949889,-0.025097759738492494,-0.04300937554530875,-0.0327617196961217,-0.04192965865079968,-0.014940831948711028,-0.06750602768267697,-0.025818616193499653,-0.20954471195927787,-0.003673345928002724,-0.0121934435969981,-0.006873656783422026,0.9229060638568872,-0.0036733459280027156,-0.01745603066133355,-0.008216635792287532,-0.004499102149380427,-0.004499102149380429,-0.0205044989323784,-0.00861804559317089,-0.03723342083719745,-0.016246536866094664,-0.0241738998965048,-0.1274947256183321,0.009577089905954586,-0.0370454463922568,-0.016246536866094584,-0.037233420837197384,-0.003673345928002726,-0.01645420658595233,-0.04478258328456395,-0.1386286573516792,-0.01039595757150315,-0.026604058482776135,-0.02989292630023545,-0.024733915143175706,-0.025818616193499594,-0.008618045593170878,-0.011625005921739068,-0.021950729131725497,-0.04890378725221674,-0.005640497974957105,-0.0034814548975663235,0.005631300700028354,0.0384041695812981,-0.06467553748501707,-0.0667769639274936,0.02241529677205438
culture,-0.0737763631693101,0.082282138842165,0.07268386934379399,0.0983885064138191,0.071252627949812,-0.013033021872301206,-0.09390749464936378,-0.004415350373317991,0.05771474785514382,-0.02253996716638087,-0.020858860765318,-0.010131446572787847,-0.09821496295643846,0.0034630983934761344,-0.012320039870574971,-0.04785448048647781,1.0,-0.004130007073456657,-0.007965964654938722,0.372212612045344,-0.002207114079727402,0.07299533300442711,-0.016668651094802537,0.023228032160675868,-0.0359915777503022,-0.009377505977407708,-0.01355774257782011,-0.010370747699905057,-0.021276026537308583,-0.0034901972832919407,-0.06554951212680893,-0.0170370776759082,-0.025841998054876063,-0.01968473817457982,-0.018123575438229046,-0.008977134526170515,-0.006494675570564889,-0.015513004338999136,-0.12590403767096517,-0.002207114079727408,-0.007326378068054542,-0.004130007073456679,-0.04988047404465269,-0.0022071140797274014,-0.002149235211794458,-0.004936930226718433,-0.002703266148807423,-0.002703266148807431,-0.012320039870574919,-0.005178115576705903,-0.02237154054556367,-0.009761661702105065,-0.014524783635748145,-0.07763336972925997,-0.007491354177606373,-0.022258596909927434,-0.009761661702105028,-0.02237154054556363,0.03727681916169889,-0.009886439158847305,-0.0003497683733125277,-0.08491416916084517,-0.0062463663314140635,-0.015984933955608335,-0.017961036018564188,-0.014861266384723027,-0.015513004338999053,-0.005178115576705895,-0.006984834739138089,-0.01318900105693446,-0.03113042437418616,-0.04504899121570042,-0.01261619576836967,-0.007499206661180778,-0.016742959624718605,-0.055021783361793024,-0.021777094295064928,-0.01181030935866283
dbk-context,0.009210089710462941,-0.0031505886145110113,-0.0035201472521410883,-0.0030604003268998154,-0.0035746288594688115,-0.0050106155317045965,0.00270098745915891,-0.0006342060918061301,-0.0026583808896185183,-0.0032375651482640573,-0.0029960966734242696,-0.0014552469435040298,0.009960429194305155,-0.003830597411988727,-0.0017696091310057359,-0.006873656783422007,-0.004130007073456657,1.0,-0.0011442043969611528,-0.011055276767471497,-0.0003170224503887626,-0.0017696091310057268,-0.002394229035683683,-0.0017696091310057318,-0.0051697092943957575,-0.0013469534496650317,-0.0019473885891260543,-0.0014896193533383637,-0.0030560169632133254,-0.000501320210519463,-0.009415311671970964,-0.002447148591860372,-0.0037118577700842466,-0.0028274496496063606,-0.0036186744700813945,-0.0012894454396791446,-0.005826003521429824,-0.0022282358187159968,0.03280281673134204,-0.0003170224503887638,-0.0010523363286667998,-0.0005932203389830489,-0.007429147153480375,-0.000317022450388764,-0.0015065157822819774,-0.0007091240694119158,-0.00038828806649349445,-0.00038828806649349315,-0.0017696091310057292,-0.0007437671226882293,-0.0032133729143724627,-0.0014021322871764317,-0.002086291117376324,-0.011150996375568671,-0.0010760329427141283,-0.003197150070046456,-0.0014021322871764338,-0.0032133729143724744,-0.00031702245038876293,-0.001420054901803854,-0.0038648917270174966,-0.012379510312298359,-0.0008972070717139047,-0.002296022203136586,-0.0025798628636492095,-0.0021346223688387357,-0.002228235818716007,-0.0007437671226882264,-0.0010032781925053927,-0.0018944237960575772,0.02558825646781839,0.014213634606571419,-0.0018121479690650522,-0.002519442330553232,-0.0024049024632401337,-0.008607904719895807,-0.005763082799372036,-0.0016963931529969081
dbk-en-espanol,0.0010332017866005441,-0.004777544392978125,-0.005442623001471379,-0.004679456959443072,-0.004865716986963493,-0.0024863936592607197,0.006799654656113891,-0.0012232577865892386,-0.0051274895731212,-0.006244621154497833,-0.005778876350277461,-0.002806882775253543,-0.02721012106356418,-0.00738846279158132,-0.0034132250962103663,-0.013257920873508711,-0.007965964654938722,-0.0011442043969611528,1.0,-0.021323436598023958,0.27706802318775287,-0.003413225096210331,-0.004617993028791949,-0.003413225096210343,-0.009971344063824366,-0.0025980061004832627,0.018986737482533968,-0.0028731803376972173,-0.005894450706951328,-0.0009669472731585704,-0.01816026913759719,-0.004720064358588892,-0.007159437568687541,-0.0054535896844195905,-0.006979705461441537,-0.002487084553189144,-0.011237205483141069,-0.0042978250300922515,-0.03488128493148271,-0.0006114734405298037,0.9197100897895999,-0.001144204396961154,-0.007854546635033025,0.2770680231877533,-0.002905770198529325,-0.0013677597089861162,-0.0007489306818627072,-0.0007489306818627046,-0.0034132250962103554,-0.001434579288960167,-0.006197959132695695,-0.0027044351359542793,-0.004024041849163904,-0.02150806074062831,-0.0020754541667252734,-0.006166668483017598,-0.00270443513595426,-0.006197959132695687,-0.0006114734405298036,-0.0027390043054754836,-0.007454609724631427,-0.02387762050748317,-0.0017305345231411898,-0.004428571523445979,-0.004976043871328823,-0.004117263249038205,-0.0042978250300922645,-0.0014345792889601638,-0.0019351246810044073,-0.00365396783406452,-0.019265340857874142,-0.01617963207791281,-0.003495274079278821,0.01279470192095915,-0.004638579953983456,0.029405608241455484,-0.0111158438876133,-0.0032720059935256508
diversions,-0.18123252509186105,0.08366974355733736,0.0678106848882689,0.10545236104839821,0.06703953305836058,-0.017614609502990562,-0.0963352787377824,-0.011819088813698862,0.23003081677837184,-0.0603353870639992,-0.05397829227856217,0.1316336962079395,-0.26134695708639755,0.3420961767471277,-0.03297850297420784,-0.12809772887357,0.372212612045344,-0.011055276767471497,-0.021323436598023958,1.0,-0.005908042425783908,0.16006918399479145,-0.04461894324050769,0.1600691839947919,-0.09634289875308455,0.121838057788679,-0.03629160770770481,-0.027760602843740413,-0.056952048192293186,-0.009342622483107594,-0.17546410590722822,-0.043342773930494585,-0.06917432237761392,-0.05269245905505209,0.3226812688318653,-0.011242304072371668,0.5210207626738814,-0.04152548734476656,-0.33514149126777043,-0.0059080424257839026,-0.019611379788191424,0.053659474245684485,-0.1376434506226652,-0.005908042425783892,0.01940244469937686,-0.013215263089704048,0.03512241933516993,0.035122419335169866,-0.03297850297420779,0.008267669564643303,-0.059884539674387595,-0.026130190556035778,-0.02829440009840098,-0.20662127303391162,-0.020052990787561877,-0.05958221013139314,0.12682923428041185,-0.05814914999179929,0.02867612064869822,-0.02646419708292353,0.3481431388224087,-0.2262479683617208,-0.016720385063893162,-0.042788756979318165,-0.04807842230874468,-0.039780903537466286,-0.04152548734476647,-0.0138608723462855,-0.01869713049948624,-0.03530455381250666,-0.13928899055200003,-0.10004715531903526,-0.030729900322078462,-0.03375974651985287,-0.042516518508223744,-0.14609166611975138,0.46806858797260564,-0.025120695878480138
entretenimiento-y-cultura-dbk-en-espanol,-0.012252793297298606,-0.000729130921821706,-0.0011653462677249132,-0.00025562443977648,-0.001200453689038213,-0.002892358751452304,0.0019052958397176645,-0.0003389256167793068,-0.0014206633999405117,-0.0017301848388331345,-0.0016011418466178368,-0.0007776974618592547,-0.0075390544537812494,-0.002047106780059707,-0.0009456955301018317,-0.0036733459280027247,-0.002207114079727402,-0.0003170224503887626,0.27706802318775287,-0.005908042425783908,1.0,-0.0009456955301018325,-0.001279498199582211,-0.0009456955301018358,-0.0027627405882887724,-0.0007198244144906289,-0.0010407025211613536,-0.0007960663964276936,-0.0016331638051526609,-0.0002679101695008324,-0.005031629870511629,-0.0013077789011532069,-0.001983651214292396,-0.0015110153131392685,-0.0019338531946343845,-0.0006890916006529163,-0.0031134703093685027,-0.001190789885094514,-0.009664488662214766,-0.0001694197373994064,-0.0005623782928936225,-0.0003170224503887621,-0.003970205133108809,-0.00016941973739940708,-0.0008050960047444102,-0.0003789624787646433,-0.0002075047435283561,-0.00020750474352835573,-0.0009456955301018355,-0.00039747604769828864,-0.0017172562846944877,-0.0007493124969583534,-0.0011149333203726369,-0.00595919587200803,-0.0005750419831913574,-0.0017085866462439193,-0.0007493124969583586,-0.0017172562846944927,-0.0001694197373994067,-0.0007588905084208417,-0.0020654339800398568,-0.0066157251124357285,-0.00047947577938489477,-0.001227015557546758,-0.0013787026387246158,-0.0011407619893546083,-0.0011907898850945227,-0.0003974760476982875,-0.000536161169987728,-0.001012397644575897,-0.007632411290264474,-0.0044828586757324805,-0.0009684286796451801,-0.0013464133455275556,-0.001285202178248539,0.01611453990479237,-0.0030798448920047418,-0.0009065682324846358
fashion,-0.04111204647077841,0.02517718908841159,0.02102385586637439,0.03214812756986273,0.020380255846139207,0.009052144869064678,-0.028285842584988317,-0.0018918719019707286,0.0029344489162218246,-0.009657836173344205,-0.008937522337410827,-0.004341082241899467,-0.042082759704243654,0.03438541540247749,-0.005278842060451227,-0.020504498932378372,0.07299533300442711,-0.0017696091310057268,-0.003413225096210331,0.16006918399479145,-0.0009456955301018325,1.0,-0.007142117835217968,-0.005278842060451235,-0.01542152918709904,0.05974669432531584,-0.005809168031631323,-0.0044436170444010015,-0.009116267880972322,-0.001495465957242421,-0.02808639625294554,-0.0072999798026271495,-0.011072677336377254,-0.008434438923621135,-0.0027331568426635206,-0.0038464871718687076,-0.012199895706963832,-0.00664695087426275,-0.05149848637582714,-0.0009456955301018336,-0.0031391775597077527,-0.0017696091310057313,-0.02216155747613324,-0.0009456955301018307,0.014524221717317454,-0.002115356379045391,-0.001158284810506271,-0.0011582848105062657,-0.005278842060451251,-0.0022186985259258774,-0.00958566939958291,-0.004182638279933031,-0.0062235219675277655,-0.033264039867287785,-0.0032098658720201042,-0.009537275756338257,-0.004182638279933007,-0.00958566939958287,-0.0009456955301018335,-0.004236102432140899,-0.003958268400295904,-0.0369287649907241,-0.0026764183932560504,-0.006849161413830922,-0.00769587382671768,-0.0063676967678177486,-0.006646950874262815,-0.002218698525925892,-0.002992834422096911,-0.005651171120068139,-0.02380446169776178,-0.013604722423436416,-0.005405737770704845,-0.007515636029662104,-0.007173957260844203,-0.021947898509462212,-0.01719159522074693,-0.005060434742451908
field-hockey,0.005372829092990385,-0.010940426233557128,-0.00800202068008535,-0.011756746190909927,-0.00812642052964706,-0.0016756541021271634,0.012155837967186178,-0.002559646963913527,-0.010729188289029962,0.013573306107111192,0.002265464297374357,-0.005873356419640284,-0.052925181555625006,-0.015460237866288407,-0.00714211783521798,-0.027741983156554063,-0.016668651094802537,-0.002394229035683683,-0.004617993028791949,-0.04461894324050769,-0.001279498199582211,-0.007142117835217968,1.0,-0.007142117835217938,-0.003732439048716319,-0.00543628538500679,-0.007859633255052458,0.022541683639226564,0.0017505881872683423,-0.0020233213956527035,-0.038000066929074684,0.02510570235453712,0.00838192349568688,0.0037776911215726323,-0.014604919820868941,-0.005204183856713535,-0.0235136691653475,-0.00899312876673412,-0.06935347136550453,-0.0012794981995822138,-0.004247214783158,-0.0023942290356836877,-0.029983934562529676,-0.0012794981995822156,-0.006080276739733143,-0.0028620148793258144,-0.0015671252347852463,-0.0015671252347852526,-0.00714211783521798,-0.003001833760419924,0.00044772072039198893,0.05498603514272118,-0.008420241926759175,0.21470987479911033,-0.004342853987802879,-0.012903653206270195,-0.00565898640559474,-0.01296912838028951,-0.0012794981995822119,0.0541533833338178,-0.015598649244666817,-0.049963531405650616,-0.003621115260142065,0.00935345112053207,0.022807439277797232,0.05139703607426253,0.010183658545678704,-0.0030018337604199017,-0.004049216828071827,0.03736211620992735,-0.055648142485876906,-0.03385561619104084,-0.007313803993855874,-0.010168434197455056,-0.009706152886375084,-0.034741383702560344,-0.023259722006429874,-0.006846619166502044
